my.point.lon=114.539524
my.point.lat=38.036473